0 15
0 169
0 548
15 548
169 94
169 116
169 179
169 205
169 253
169 352
169 781
169 819
169 915
1 67
1 401
1 409
1 462
1 609
67 238
67 401
67 409
67 588
67 609
67 704
67 730
67 792
401 267
401 290
401 379
401 409
401 462
401 588
401 609
401 646
401 687
401 704
401 792
401 879
409 238
409 588
409 609
409 704
462 120
462 267
462 379
462 588
462 609
462 618
462 687
609 588
609 704
2 78
2 201
2 296
2 319
2 625
2 649
2 745
2 790
2 878
2 911
2 997
78 296
78 319
78 625
78 649
78 745
78 806
78 878
78 997
201 319
201 649
201 745
201 790
201 911
201 916
296 30
296 121
296 157
296 319
296 625
296 649
296 745
296 790
296 878
296 911
296 916
296 997
319 30
319 153
319 369
319 649
319 715
319 745
319 790
319 878
319 896
319 916
319 961
319 997
625 649
625 806
625 878
625 997
649 212
649 745
649 911
649 997
745 790
745 911
745 916
745 997
790 153
790 911
878 30
878 997
911 153
997 806
3 132
3 366
3 454
3 475
3 538
3 544
3 842
3 892
132 366
132 383
132 454
132 538
132 634
132 892
366 454
366 538
366 634
366 892
454 538
454 544
454 842
454 892
475 538
475 885
538 544
538 842
538 892
544 118
544 842
842 286
842 532
842 633
892 634
4 106
4 547
4 941
106 547
547 53
547 60
547 102
547 171
547 204
547 239
547 325
547 441
547 464
547 640
547 665
547 791
547 861
547 919
547 941
941 53
941 204
941 239
941 325
941 376
941 464
941 629
941 640
941 686
941 705
941 791
941 861
941 896
941 919
5 170
5 682
5 692
5 918
5 942
170 692
170 918
170 942
682 484
682 692
682 918
682 976
692 909
692 918
692 942
918 484
918 942
942 86
942 909
6 89
6 384
6 479
6 637
6 803
6 835
6 850
89 138
89 589
89 803
89 969
384 110
384 237
384 301
384 637
384 817
384 835
384 850
479 327
479 637
479 803
479 835
637 803
637 817
637 835
637 850
803 835
803 969
835 589
835 817
835 850
850 110
850 237
850 301
850 817
850 952
7 43
7 64
7 66
7 189
7 331
7 385
7 632
7 853
7 891
7 936
43 64
43 92
43 175
43 291
43 331
43 334
43 702
43 853
43 891
43 961
64 66
64 175
64 189
64 291
64 331
64 385
64 632
64 853
64 891
64 961
64 975
66 189
66 385
66 632
66 936
66 961
189 385
189 936
331 92
331 175
331 291
331 334
331 632
331 853
331 891
331 961
385 936
632 130
632 607
632 696
632 891
853 151
853 175
853 334
853 519
853 891
891 92
891 175
891 239
891 513
891 541
891 696
891 702
891 848
891 961
8 587
8 870
587 362
587 577
870 328
870 584
9 282
9 510
9 524
9 571
9 574
9 718
9 914
9 945
282 113
282 160
282 574
282 718
282 739
282 755
282 813
282 822
282 910
510 524
510 571
510 718
524 57
524 81
524 453
524 571
524 654
524 980
571 81
571 654
571 718
574 113
574 160
574 718
574 755
718 113
718 160
914 427
914 490
945 417
945 496
945 714
945 738
945 854
10 71
10 376
10 507
10 514
10 616
10 671
10 717
10 722
10 759
10 937
10 994
71 149
71 265
71 376
71 514
71 540
71 572
71 616
71 624
71 639
71 717
71 722
71 865
71 955
71 975
71 994
376 265
376 514
376 540
376 572
376 616
376 624
376 710
376 717
376 722
376 865
376 955
376 975
376 994
507 248
507 482
507 717
507 722
507 994
514 265
514 304
514 306
514 565
514 616
514 671
514 710
514 717
514 937
616 149
616 540
616 639
616 717
616 722
616 831
616 865
616 921
616 955
616 975
616 994
671 722
671 759
671 777
717 710
717 759
717 937
717 994
722 248
722 279
722 309
722 343
722 482
722 540
722 685
722 806
937 84
937 265
937 565
937 710
994 624
994 639
994 865
994 921
994 955
994 975
11 206
11 251
11 387
11 505
11 829
11 968
206 200
206 251
206 968
251 136
251 200
251 457
251 626
251 829
251 968
387 505
505 531
829 48
829 177
829 626
829 968
968 200
12 83
12 128
12 157
12 164
12 191
83 191
128 121
128 157
128 164
128 191
128 354
128 421
128 472
157 38
157 53
157 164
157 421
157 464
157 472
157 622
157 665
157 708
157 733
157 882
164 53
164 121
164 191
164 273
164 354
164 421
164 472
164 622
191 354
191 622
13 513
13 569
513 563
513 569
513 737
513 776
569 134
569 698
569 776
14 34
14 154
14 411
14 568
14 586
34 21
34 154
34 179
34 229
34 411
34 444
34 503
34 586
34 590
34 591
34 804
34 843
154 411
154 503
154 586
154 804
154 843
411 503
411 586
411 804
568 586
568 663
586 804
16 58
16 72
16 394
16 686
16 864
16 874
58 268
58 318
58 325
58 635
58 864
58 874
72 306
72 348
72 374
72 394
72 450
72 492
72 512
72 629
72 686
72 791
72 861
72 872
394 204
394 450
394 492
394 635
394 686
394 864
686 144
686 204
686 239
686 325
686 329
686 374
686 406
686 450
686 487
686 492
686 641
686 791
686 861
686 864
686 872
686 896
864 179
864 204
864 635
874 325
874 333
874 640
17 75
17 243
17 269
17 316
17 371
17 405
17 626
17 716
75 316
75 371
75 405
75 765
75 974
243 212
243 221
243 262
243 362
243 699
243 716
243 754
243 756
243 846
243 946
243 947
269 47
269 156
269 716
269 933
316 371
316 846
371 405
371 765
371 974
405 765
626 47
626 48
626 136
626 156
626 177
626 457
626 716
716 47
716 136
716 156
716 457
18 20
18 134
18 277
18 519
18 688
18 698
18 776
20 277
20 392
20 422
20 519
20 698
20 933
20 946
134 229
134 461
134 551
134 688
134 698
277 392
277 422
277 519
277 698
277 737
277 776
519 392
519 422
519 698
519 737
519 776
688 461
688 551
688 930
698 776
776 422
776 563
776 737
19 434
19 581
434 581
434 702
392 362
392 422
392 754
392 946
422 737
933 946
21 185
21 444
21 533
21 590
21 804
21 843
185 79
185 444
185 533
185 590
185 904
444 79
444 533
444 590
444 843
444 904
533 590
533 843
533 904
590 804
590 843
590 904
804 503
804 843
22 432
22 840
432 840
840 82
23 136
23 200
23 457
136 156
136 457
24 234
24 312
24 530
24 620
24 746
24 797
24 962
234 105
234 133
234 197
234 357
234 530
234 889
234 949
312 463
312 518
312 746
312 962
530 620
530 962
620 797
620 962
746 341
746 428
746 518
746 797
746 962
797 235
797 341
797 962
962 518
25 117
25 131
25 322
25 695
117 131
117 322
117 695
117 816
117 859
131 695
131 816
322 56
322 318
322 332
322 439
322 859
695 143
695 318
695 386
695 816
26 74
26 459
26 630
26 700
26 785
26 868
74 659
74 785
459 700
459 769
459 785
459 957
630 531
630 785
630 868
700 769
700 785
700 815
700 831
700 925
700 957
785 659
785 769
27 90
27 114
27 260
27 566
27 621
27 778
27 881
90 114
90 433
90 470
90 520
114 205
114 230
114 260
114 336
114 352
114 433
114 520
114 525
114 566
114 783
114 819
114 881
114 995
260 37
260 49
260 54
260 196
260 205
260 230
260 525
260 566
260 617
260 621
260 819
260 881
260 920
566 37
566 49
566 54
566 621
566 778
566 867
566 881
566 920
566 938
621 54
621 778
621 881
778 54
778 358
778 731
778 867
778 881
881 336
881 867
881 938
28 129
28 183
28 543
129 183
129 280
129 543
543 45
543 280
543 554
543 978
29 218
29 562
29 895
218 480
218 562
218 895
218 956
562 246
562 438
562 480
562 895
562 956
895 480
895 956
30 369
30 499
30 806
30 808
369 275
369 806
369 808
499 111
499 311
499 360
499 488
499 917
806 808
808 275
808 311
31 123
31 212
31 440
31 552
31 705
31 752
31 847
123 245
123 705
123 752
123 847
212 42
212 122
212 221
212 705
212 761
440 77
440 244
440 388
440 552
440 703
440 773
440 812
552 450
552 492
552 705
705 245
705 329
705 752
705 847
705 872
752 245
752 329
752 641
752 872
752 896
752 929
32 379
32 618
32 794
379 120
379 267
379 270
379 588
379 618
379 687
618 120
618 267
618 270
618 588
618 711
618 971
794 270
794 521
794 596
33 135
33 345
33 743
33 750
33 789
135 345
135 641
135 727
135 750
135 789
135 998
345 641
345 743
345 750
345 789
345 998
743 324
743 641
750 476
750 789
789 476
789 825
179 60
179 104
179 205
179 229
179 305
179 399
179 410
179 652
179 786
179 869
179 915
229 60
229 233
229 299
229 407
229 410
229 583
229 652
229 663
229 721
229 809
229 838
591 209
591 326
591 447
591 860
35 121
35 171
35 377
35 540
35 601
35 775
35 855
121 38
121 53
121 274
121 406
121 421
121 464
121 472
121 622
121 665
121 708
121 733
121 882
171 685
171 793
171 831
171 855
171 897
171 940
377 540
377 601
377 775
377 855
540 299
540 407
540 474
540 601
540 604
540 715
540 809
601 775
601 855
775 159
775 167
775 298
775 779
775 793
775 831
775 855
775 897
775 940
855 685
855 897
36 209
36 281
36 326
209 281
209 326
281 259
281 326
37 49
37 54
37 315
37 442
37 585
37 617
37 920
37 972
49 54
49 429
49 525
49 920
54 358
54 442
54 731
315 308
315 442
315 585
315 617
315 920
315 972
442 585
442 617
442 920
442 972
585 137
585 358
585 731
617 196
617 230
617 308
617 429
617 920
617 972
920 196
920 230
920 308
920 429
920 972
972 196
972 308
972 429
38 256
38 357
38 464
38 473
38 645
38 708
38 736
38 780
38 882
256 406
256 473
256 489
256 508
256 780
256 882
357 105
357 220
357 261
357 498
357 780
357 888
357 931
464 53
464 274
464 340
464 368
464 425
464 452
464 481
464 539
473 406
473 425
473 508
473 678
645 162
645 225
645 508
645 580
645 733
645 780
645 882
645 887
645 953
708 53
708 412
708 733
708 798
708 882
736 102
736 168
736 182
736 313
736 487
736 592
736 828
736 863
780 225
780 498
780 882
882 508
882 733
882 798
40 608
40 739
40 813
40 854
40 877
40 902
40 910
608 739
608 813
608 854
608 877
608 902
608 910
739 738
739 813
739 822
739 854
739 902
739 910
813 738
813 854
813 877
813 902
813 910
854 738
854 877
854 902
854 910
877 364
877 738
877 902
902 910
910 289
910 822
41 579
41 619
41 821
579 176
579 481
579 576
579 613
579 821
579 912
619 653
619 821
821 481
42 262
42 390
42 438
42 800
42 846
262 122
262 221
262 390
262 761
262 947
390 122
390 846
438 431
438 614
438 763
438 768
438 974
800 241
800 763
846 756
846 947
92 175
92 334
92 702
92 961
175 334
175 961
702 961
961 696
961 748
44 706
45 554
45 662
45 978
554 280
662 338
662 978
978 338
46 84
46 215
46 304
46 748
84 304
215 65
215 265
215 304
215 372
215 381
215 527
215 748
215 979
304 65
304 265
304 527
304 748
748 265
748 381
748 527
748 779
47 156
48 177
429 196
429 230
429 308
525 433
50 85
50 158
50 332
50 570
50 985
85 332
85 823
158 56
158 318
158 578
158 602
158 830
332 318
570 56
570 318
570 439
570 958
985 188
51 418
51 689
51 740
418 222
418 465
418 689
418 950
689 950
740 247
740 382
52 279
52 309
279 109
279 144
279 166
279 309
279 325
279 403
279 667
279 777
309 144
309 246
309 343
309 667
309 685
309 948
53 239
53 273
53 274
53 354
53 622
53 665
239 441
239 629
239 665
239 742
239 861
239 919
273 354
273 622
274 340
274 406
274 425
274 539
274 622
354 622
622 665
665 573
665 919
358 137
358 502
358 731
731 137
731 486
731 502
731 867
55 143
55 235
55 294
55 386
55 934
143 228
143 235
143 294
143 386
143 934
235 294
235 386
235 934
294 386
294 478
294 553
294 934
294 964
386 934
934 478
56 318
56 439
56 830
56 901
56 958
318 439
318 830
318 901
318 958
439 958
830 65
830 147
830 197
830 517
830 555
830 889
830 901
830 958
901 65
901 147
901 555
901 949
901 958
958 373
57 87
57 453
57 490
57 654
57 980
87 453
87 490
87 654
87 980
453 81
453 654
453 980
490 427
654 81
654 197
654 980
980 81
268 204
268 635
268 719
268 856
268 866
325 333
325 452
325 640
325 973
635 204
635 492
59 321
59 355
59 674
59 777
321 355
355 88
355 555
674 721
674 777
674 889
674 923
777 144
777 249
777 788
777 802
777 889
777 923
60 104
60 233
60 240
60 299
60 305
60 399
60 652
60 869
60 899
104 305
104 399
104 410
104 652
104 786
104 869
233 399
233 410
233 663
233 838
233 869
240 257
240 550
240 811
299 224
299 314
299 336
299 356
299 407
299 474
299 612
299 652
299 809
299 896
305 205
305 399
305 652
305 786
305 869
305 915
399 410
399 652
399 786
399 869
652 205
652 336
652 410
652 786
652 869
652 915
869 410
869 786
869 838
899 612
61 417
61 631
61 693
61 714
417 693
417 714
631 714
693 223
693 647
714 271
714 496
714 647
714 832
62 173
62 252
62 272
62 595
62 744
173 252
173 272
173 595
173 996
252 95
252 190
252 272
252 595
252 690
252 744
272 95
272 190
272 595
272 690
272 744
595 744
744 95
744 190
744 690
744 922
63 323
63 504
63 549
63 556
323 178
323 199
323 504
323 549
323 556
323 924
504 178
504 199
504 203
504 549
504 556
504 683
504 924
504 939
549 199
549 556
549 924
556 178
556 199
556 493
556 924
975 307
975 604
975 624
975 639
975 697
975 865
975 921
975 955
65 517
65 555
517 555
555 88
555 147
555 949
238 704
588 267
588 704
588 730
588 792
730 593
730 792
730 841
792 267
792 270
792 290
792 560
792 593
792 841
68 138
68 141
68 327
68 393
68 959
68 969
138 192
138 451
138 589
138 633
138 952
138 969
141 327
141 393
141 959
327 181
393 217
393 666
393 735
393 935
393 992
969 383
969 589
69 290
69 430
69 489
69 506
69 545
69 747
290 430
290 489
290 506
290 512
290 545
290 560
290 646
290 673
290 860
290 879
430 489
430 506
430 545
430 747
489 347
489 545
489 560
489 615
489 673
489 860
489 861
489 954
506 545
506 560
506 615
506 673
506 879
545 347
545 615
545 673
545 988
747 259
70 180
70 491
70 509
70 523
70 675
70 725
180 491
180 509
180 523
180 675
180 725
180 965
491 509
491 725
491 965
509 675
509 758
523 295
523 725
675 758
675 965
725 295
725 456
725 795
149 91
149 265
149 287
149 527
149 542
149 565
149 572
149 657
149 684
149 701
149 954
149 979
265 287
265 527
265 565
265 572
265 710
265 779
572 108
572 852
624 144
624 865
624 921
624 955
639 248
639 307
639 482
639 604
639 865
639 921
865 307
865 697
865 852
865 921
865 955
955 307
955 697
955 852
955 921
306 374
306 450
306 641
306 791
306 861
306 872
306 896
348 119
348 152
348 302
348 339
348 380
348 419
348 449
348 537
348 720
348 873
348 986
374 791
374 861
374 896
450 204
450 283
450 329
450 492
450 791
450 861
450 872
492 204
492 245
492 283
492 329
492 560
492 641
492 773
492 791
492 861
492 872
492 896
512 629
512 641
512 791
512 820
512 861
512 872
512 896
629 213
629 276
629 820
629 837
629 861
629 919
791 204
791 245
791 329
791 641
791 727
791 861
791 872
791 896
861 204
861 329
861 641
861 872
861 896
861 919
872 204
872 245
872 324
872 329
872 641
872 727
872 896
73 205
73 219
73 363
73 375
73 981
205 219
205 336
205 363
205 375
205 819
205 915
205 981
219 981
219 990
363 257
363 375
363 470
363 811
363 981
375 470
375 520
375 981
659 769
659 772
765 431
765 768
765 772
765 974
974 431
974 763
974 768
77 388
77 703
77 773
77 812
77 845
388 244
388 773
703 719
703 812
773 124
773 187
773 204
773 246
773 389
773 536
773 760
773 845
812 719
845 719
845 856
79 904
80 159
80 167
80 709
80 809
159 167
159 709
159 809
167 809
709 691
709 809
809 298
809 407
809 831
81 496
81 832
496 832
832 292
832 857
832 875
82 119
82 443
82 676
82 770
82 900
82 995
119 127
119 285
119 352
119 445
119 522
119 751
119 770
119 817
443 101
443 676
676 101
770 127
770 285
770 522
770 900
900 127
900 285
900 445
900 522
995 230
995 266
995 310
995 352
995 615
995 751
995 819
86 415
86 468
86 494
86 610
86 727
86 909
415 107
415 494
415 584
415 727
415 944
415 963
468 494
468 610
468 963
494 727
494 909
494 963
727 245
727 329
727 641
727 896
727 944
727 963
909 140
909 535
909 965
88 147
88 500
88 949
147 373
500 463
500 766
500 905
500 949
949 197
949 463
949 889
949 905
589 192
589 451
589 633
433 520
470 520
91 190
91 471
91 661
91 684
91 701
91 762
190 95
190 250
190 297
190 690
190 903
190 922
471 701
471 762
661 701
661 762
684 527
684 542
684 657
684 701
684 836
684 896
684 908
684 979
701 762
762 908
93 455
93 580
93 611
93 664
93 767
93 967
455 148
455 162
455 580
455 611
455 664
455 767
455 887
455 953
455 967
580 225
580 664
580 887
580 953
580 967
611 148
611 162
611 664
611 834
664 162
664 887
664 953
664 967
767 967
94 253
94 915
253 781
253 915
915 819
915 990
95 690
96 414
96 646
96 712
96 858
414 646
414 712
414 801
414 858
646 378
646 858
646 879
646 970
712 801
712 858
858 391
858 970
97 537
97 681
97 734
97 825
537 302
734 825
98 441
98 516
98 919
441 742
441 919
919 742
919 833
99 155
99 337
99 627
99 788
99 844
99 971
155 337
155 627
155 660
155 723
155 788
155 814
337 627
337 660
337 788
337 844
337 971
627 788
788 270
788 521
788 660
788 844
788 971
844 270
844 521
844 660
844 707
844 971
844 989
971 267
971 270
971 521
971 596
971 707
100 174
174 165
174 241
174 244
101 125
101 258
101 263
101 467
101 805
125 258
125 467
125 751
125 805
258 263
258 751
258 805
263 751
263 805
467 805
805 751
102 168
102 182
102 313
102 356
102 474
102 487
102 592
102 863
168 314
168 407
168 474
168 487
168 592
168 715
168 828
168 977
182 313
182 592
182 749
182 863
182 906
313 224
313 356
313 749
313 863
356 224
356 612
474 314
474 407
474 487
474 612
474 623
487 592
487 715
487 977
592 828
592 863
592 906
592 977
863 749
103 116
103 194
103 342
103 597
103 636
116 194
116 391
116 597
116 656
116 753
194 342
597 351
597 636
597 656
636 351
636 656
636 781
410 663
410 838
786 257
105 435
105 757
105 951
435 133
435 757
757 133
951 124
951 249
951 365
951 826
951 833
951 890
107 584
107 944
584 328
944 929
944 963
108 852
852 787
109 124
109 144
109 166
109 365
109 403
109 534
109 606
109 667
109 796
109 880
124 197
124 249
124 361
124 365
124 398
124 667
124 721
124 728
124 833
124 889
144 166
144 403
144 534
144 606
144 667
144 721
144 796
144 880
166 402
166 403
166 527
166 534
166 667
166 796
166 880
365 249
365 361
365 398
365 536
365 653
365 667
365 728
365 833
403 534
403 606
403 667
403 796
403 880
534 402
534 497
534 667
534 796
534 880
606 361
606 721
606 796
606 880
606 923
667 402
667 796
667 880
796 497
796 880
880 497
110 237
110 301
110 817
237 301
237 817
301 817
301 952
817 230
817 451
817 546
817 952
111 278
111 370
111 404
111 862
111 917
278 300
278 370
278 404
278 683
278 862
370 300
370 404
370 862
370 917
404 211
404 300
404 862
862 270
862 300
917 210
112 199
112 346
112 350
112 493
199 493
199 924
199 939
346 350
350 493
350 932
493 178
113 160
113 755
160 755
755 822
230 196
230 308
230 352
230 615
230 819
230 952
336 395
336 407
336 550
336 783
336 811
336 938
352 266
352 310
352 751
352 819
783 395
783 413
783 749
783 886
783 938
819 310
819 400
115 208
115 213
115 276
115 397
115 837
208 213
208 837
213 276
213 837
276 397
276 820
391 254
391 359
391 753
656 351
816 341
816 428
816 859
859 341
859 428
859 518
118 222
118 651
222 465
222 651
651 330
651 807
127 285
127 445
127 522
285 522
445 522
120 267
120 711
267 270
267 521
267 711
406 425
406 508
421 472
733 412
733 798
122 221
122 761
221 761
221 947
245 329
245 641
245 896
245 929
197 249
197 680
197 721
197 766
197 833
197 889
249 361
249 398
249 680
249 721
249 833
249 889
361 398
361 728
361 833
398 680
398 728
398 833
398 890
721 680
721 833
721 889
721 923
728 653
833 680
833 889
833 890
889 680
889 923
126 203
126 683
126 939
203 683
203 916
203 939
683 916
939 924
130 284
130 541
130 607
130 638
130 696
130 848
284 320
284 648
541 607
541 638
541 696
541 848
607 638
607 696
607 848
638 696
638 848
696 848
383 217
383 634
383 666
383 992
634 217
634 666
634 992
461 223
461 551
461 930
551 223
551 930
641 324
641 329
641 896
641 998
998 324
137 247
137 297
137 382
137 502
137 575
137 867
247 382
297 250
297 367
297 382
297 469
297 558
297 575
297 713
297 898
297 903
382 469
382 558
382 575
382 713
382 898
502 486
502 575
502 867
575 367
575 867
575 903
867 486
867 903
867 938
192 286
192 451
192 532
192 633
451 286
451 532
451 633
451 952
633 286
633 532
952 546
139 188
139 511
139 677
139 932
188 932
511 151
511 677
677 151
677 416
140 535
140 758
140 965
535 598
535 965
758 965
142 152
142 437
142 741
152 419
152 669
152 720
152 873
152 876
152 928
741 184
741 202
741 216
741 227
741 419
228 163
228 220
228 603
145 259
146 254
146 359
146 423
146 993
254 359
254 818
254 993
423 655
423 883
423 993
993 818
993 883
993 970
373 518
148 834
834 162
834 559
287 527
287 542
287 565
287 657
287 779
287 954
527 381
527 657
527 779
527 954
527 979
542 381
542 657
542 779
542 954
542 979
565 710
565 779
657 836
657 954
954 979
979 836
150 172
150 605
150 922
172 288
172 477
172 605
172 648
172 658
172 726
605 288
605 477
922 250
419 184
419 202
419 720
419 873
419 986
669 720
669 873
669 876
669 986
720 339
720 873
720 986
873 339
873 449
873 827
873 986
876 928
928 227
153 553
153 668
153 964
553 478
553 668
553 729
553 964
668 232
668 729
668 964
964 478
964 729
660 707
660 989
723 814
723 989
814 839
578 335
602 335
161 236
161 670
236 670
162 220
162 564
220 193
220 261
220 931
163 603
163 650
163 729
603 478
650 446
650 559
650 774
729 478
729 485
165 195
165 241
195 241
195 466
402 389
402 497
314 407
314 623
314 715
407 623
715 623
715 828
715 977
828 977
977 787
977 906
781 351
685 343
685 831
685 897
685 948
793 298
793 495
793 815
793 831
793 940
793 957
831 298
831 495
831 815
831 897
897 815
897 940
940 298
940 495
940 815
940 957
288 477
288 648
288 658
288 726
477 648
477 658
477 679
477 726
477 893
648 658
648 679
648 726
658 679
658 893
996 255
996 483
996 529
176 481
176 576
176 613
481 340
481 368
481 576
576 425
613 912
178 907
749 395
749 413
906 424
906 787
184 202
184 216
184 227
202 216
202 644
216 227
186 583
583 663
583 838
187 389
187 497
187 536
187 760
389 497
389 760
497 536
497 760
536 760
250 367
250 558
250 713
903 264
903 367
286 532
466 246
466 480
466 956
466 984
196 308
680 923
766 826
198 408
198 563
198 582
198 799
408 563
408 582
408 799
563 582
563 699
563 737
563 799
582 594
582 799
582 810
799 699
799 737
916 344
916 913
204 329
204 482
204 719
204 896
329 324
329 896
482 248
719 856
896 324
896 860
207 231
207 426
207 458
207 465
231 317
231 426
231 458
231 893
426 317
426 458
458 465
458 950
465 330
465 950
211 396
372 381
381 779
217 666
217 992
666 935
666 992
992 935
480 246
480 956
480 984
956 246
956 984
261 303
261 498
261 888
261 931
931 888
947 756
223 647
223 871
223 930
647 271
647 871
647 930
871 930
224 612
612 691
225 303
225 887
225 953
303 498
303 888
887 953
226 302
226 484
226 526
302 380
302 484
302 526
484 784
484 976
526 380
526 784
663 838
615 347
615 643
615 673
615 988
317 893
893 642
893 679
232 485
232 567
232 672
232 824
485 293
485 567
485 824
567 824
672 528
672 851
824 293
257 811
550 811
242 598
362 699
362 737
362 754
699 456
699 577
699 737
754 756
246 984
367 264
367 558
558 469
558 713
558 898
713 469
713 898
818 655
818 883
818 960
255 483
255 529
483 529
508 678
498 888
266 310
270 521
270 596
270 707
521 596
521 707
866 973
596 707
707 989
271 860
271 999
860 347
860 966
860 988
340 368
340 425
340 452
340 539
425 539
425 678
275 311
275 360
275 488
275 599
275 851
311 360
311 488
311 851
360 488
360 851
851 528
822 289
320 679
560 347
560 628
560 643
560 673
673 628
673 643
879 378
879 694
292 857
292 875
292 987
857 875
857 987
875 987
295 515
295 795
515 557
795 353
795 456
469 898
298 495
298 957
495 815
495 957
957 815
957 925
307 604
307 697
307 787
307 921
604 697
604 921
697 787
697 921
343 948
463 905
518 341
518 428
333 452
333 640
333 973
452 368
452 640
452 973
973 368
330 807
395 938
339 449
339 986
449 986
341 428
344 913
344 991
913 991
347 966
347 988
966 420
349 687
353 456
353 943
456 594
456 943
943 594
364 810
378 927
378 970
927 801
927 970
970 801
890 826
413 436
413 886
436 886
420 764
420 894
764 894
894 593
894 628
894 841
655 724
655 883
655 960
883 724
883 960
431 448
431 614
431 768
431 772
448 614
448 768
448 769
448 772
448 925
614 768
614 925
768 772
772 769
446 559
446 774
559 774
447 926
769 925
460 782
460 839
784 976
501 694
557 577
628 643
561 841
841 593
836 908
732 983
